object ZaokruzivanjeForma: TZaokruzivanjeForma
  Left = 0
  Top = 0
  Caption = 'Form1'
  ClientHeight = 480
  ClientWidth = 640
  FormFactor.Width = 320
  FormFactor.Height = 480
  FormFactor.Devices = [Desktop]
  DesignerMasterStyle = 0
  object PitanjeText: TText
    Position.X = 224.000000000000000000
    Position.Y = 104.000000000000000000
    Size.Width = 273.000000000000000000
    Size.Height = 50.000000000000000000
    Size.PlatformDefault = False
  end
end
